00000000001000100001100000100000
00000000001000110010000000100000
00000000001001000010100000100000
00000000001001010011000000100000
00000000110001000011100000100010
00000000110000110100000000100010
00000000101000010100100000100011
00000000001000100101000000100100
00000000001000100101100000100101
00000000001000100110000000100110
00000000001000100110100000100111
00000001000001110111000000101010
00000001000010010111100000101011
00000000000000011000000011000000
00000000001000111000100011000100
00000000000100001001000001000010
00000010000000011001100011000110
00000000000100001010000001000011
00000010000000011010100011000111
10101100001010110000000000000000
10101100001100000000000000000001
10101100001100100000000000000010
10001100001101100000000000000000
10001100001101110000000000000001
10001100001110000000000000000010
00100010110110010000000000000111
00100110110110100000000000000111
00110010110110110000000000000010
00110110111111000000000000000001
00111010111111010000000000000001
00111110110111100000000000000001
00101000001111110000000000000001
00101100001111110000000000000010
01000001011100000000000000000100
01000101011100000000000000000100
01001101011101100000000000000011
01001001011101100000000000000011
01010101011101100000000000000010
01010001011101100000000000000010
00001000000000000000000000100011
00001100000000000000000000100101
00000000100000000000000000001000